1000 4.023872600770937735437024339E-433
999 2.009928387957684169788529094E-427
998 2.503221775739694214341285698E-422
997 1.381899592719562358713047768E-417
996 4.279723085250725645764524182E-413
995 8.460048869386013486969623856E-409
994 1.158254993510380548401036528E-404
993 1.161922224271322936672231006E-400
992 8.900199338882529905193096605E-397
991 5.372168136688499692596160024E-393
990 2.619480976474178859091195764E-389
989 1.052748994132088547836655990E-385
988 3.545562413885921332595183919E-382
987 1.014723186862897076043311627E-378
986 2.497270304935359837989759148E-375
985 5.339252762706693241007694158E-372
984 1.000598585532500234761242856E-368
983 1.656539692655468860874794684E-365
982 2.439582932681942026417733662E-362
981 3.215767085929151837840690318E-359
980 3.815195081176438047539644706E-356
979 4.094348138876669600786309524E-353
978 3.992629039706169036477898338E-350
977 3.552501612980460641870025277E-347
976 2.895027692212507806902598772E-344
975 2.168313324387019374306172506E-341
974 1.497378415875439703315700483E-338
973 9.562372021690634792293554626E-336
972 5.662588615081223013937854623E-333
971 3.117358621935805565780384221E-330
970 1.599236843414191959069939328E-327
969 7.662265021946017675881221016E-325
968 3.435758918444941641481557378E-322
967 1.444629326707580782303907675E-319
966 5.706302922623634738376660039E-317
965 2.121133566981868692963020372E-314
964 7.431967374034381606554330335E-312
963 2.458278381840193161392487396E-309
962 7.687461554277843000484931151E-307
961 2.275933852446992682655976972E-304
960 6.387498026159216060154839531E-302
959 1.701523099196283740933178782E-299
958 4.307210836476816590585979127E-297
957 1.037281369320489549082794172E-294
956 2.379071481811750525695323950E-292
955 5.202068274928039804966983986E-290
954 1.085499660288771517726862536E-287
953 2.163602168048451237548957727E-285
952 4.122976763663958965676605990E-283
951 7.518056700071042833882603174E-281
950 1.312870116375275643200601536E-278
949 2.197380553118240152685945376E-276
948 3.527674680375436833472141407E-274
947 5.436146821574882399710337148E-272
946 8.046756721168728673536583253E-270
945 1.144916725267179700370386173E-267
944 1.566880272633855915527075859E-265
943 2.063868344447584103953033096E-263
942 2.618051410291528255752464212E-261
941 3.200228199067936527653126000E-259
940 3.771709449754784338748144380E-257
939 4.288344539040492008005692634E-255
938 4.706164156396601920970469642E-253
937 4.987636099559590505038930374E-251
936 5.107283175654987072699553815E-249
935 5.055487259868030113457548118E-247
934 4.839694390408586396553639646E-245
933 4.482831723544526874353312894E-243
932 4.019373325807115947967208266E-241
931 3.489971198516719094710000549E-239
930 2.935781253522716948286292452E-237
929 2.393533340721692677298132718E-235
928 1.892081458649957642695868002E-233
927 1.450743395529001804106291131E-231
926 1.079327139703715081302806483E-229
925 7.794427738181433498470862930E-228
924 5.465585934658524636307551935E-226
923 3.722710326003789492724272347E-224
922 2.463749621931553509104603420E-222
921 1.584855804969392779390169838E-220
920 9.912341320207833326500014891E-219
919 6.029621334630184771441909048E-217
918 3.568303460477996950182270682E-215
917 2.055033539161420835781620998E-213
916 1.152088333373510111507145691E-211
915 6.289030872855933954307529517E-210
914 3.343730183094789215942269774E-208
913 1.731984329655851697061269756E-206
912 8.742485475389973672054320843E-205
911 4.301446293719167960402911312E-203
910 2.063434081424440907240848274E-201
909 9.653141230341788911788895814E-200
908 4.405059667108700752444969073E-198
907 1.961285604490688111190276836E-196
906 8.521860724005038495282756437E-195
905 3.614340592340389306512233737E-193
904 1.496646425232748574931063225E-191
903 6.051977257233687972381078212E-190
902 2.390307665043767363373744029E-188
901 9.223110015285982025141392770E-187
900 3.477401564742448124373998787E-185
899 1.281360132672352579164619669E-183
898 4.615404770621163834980482363E-182
897 1.625370072370972893491879225E-180
896 5.597300648176086280576055420E-179
895 1.885243209092131666738070221E-177
894 6.211485063370723784423088496E-176
893 2.002342044045659689046704284E-174
892 6.316403379837622889475978751E-173
891 1.950126672856340833280880829E-171
890 5.893705107403464198442816377E-170
889 1.743879643886303780407529585E-168
888 5.052609805285169959103067902E-167
887 1.433684270601848577376347709E-165
886 3.984702704308415292780153365E-164
885 1.084945483449240582981757667E-162
884 2.894364859466727293171569318E-161
883 7.566493356759447208606450915E-160
882 1.938624051585101542374462079E-158
881 4.868672595951575070339193124E-157
880 1.198684798086538433550186457E-155
879 2.893578543436567525909999643E-154
878 6.849498953772622098485104881E-153
877 1.590127720857722065392999390E-151
876 3.620848608311084741041527722E-150
875 8.088135662261499031227866904E-149
874 1.772555463435055547974104909E-147
873 3.811688002730561008100049803E-146
872 8.043644348608275883327602723E-145
871 1.665932615943402094392593520E-143
870 3.386735563420097960522503883E-142
869 6.758866316098487460372409854E-141
868 1.324292057442257044113995953E-139
867 2.547762321800472330254055216E-138
866 4.813338258576893106995533335E-137
865 8.930845436866464299620550642E-136
864 1.627582999034316961092329676E-134
863 2.913688079762765072106109983E-133
862 5.124324008680772671641297179E-132
861 8.854566784556585115780647997E-131
860 1.503412662015527364409222882E-129
859 2.508485145312967364327019710E-128
858 4.113476025618458068606333723E-127
857 6.629969931048806428006178944E-126
856 1.050412151968255978969537730E-124
855 1.636037869928501595326613331E-123
854 2.505253446756267167900359548E-122
853 3.772014742944574574321051277E-121
852 5.584658611965286041060555031E-120
851 8.131281671197087943009620540E-119
850 1.164387578853953414855365388E-117
849 1.640018837020671903543131967E-116
848 2.272211945807365614384187036E-115
847 3.096942076061003507976834150E-114
846 4.152757622842390320667499117E-113
845 5.478906311847473875473852034E-112
844 7.112773959979075867778905150E-111
843 9.086687045907156518823240088E-110
842 1.142422357046675589384794785E-108
841 1.413627726488749066197525198E-107
840 1.721721456035708139774696184E-106
839 2.064153587178311697644335004E-105
838 2.436148648293294688159167525E-104
837 2.830604418081617158938225384E-103
836 3.238163304558453540768139180E-102
835 3.647477597392778597887182503E-101
834 4.045671272389797681571311290E-100
833 4.418979499870539125450678460E-99
832 4.753525210687946800167847354E-98
831 5.036173039915470144469110369E-97
830 5.255387613072341743543669572E-96
829 5.402017753105175443238691494E-95
828 5.469932004593945725719250411E-94
827 5.456443811249177805988915348E-93
826 5.362485297644073400789877422E-92
825 5.192514285501228063531115366E-91
824 4.954166549359810499628429357E-90
823 4.657690797538458074592751317E-89
822 4.315224215160364701263356258E-88
821 3.939979237407662243843137909E-87
820 3.545416323901489380586464359E-86
819 3.144472966286870593028754971E-85
818 2.748907257032147413971783782E-84
817 2.368797248999304900889516904E-83
816 2.012217694799969463261076271E-82
815 1.685096258982663551540241481E-81
814 1.391234266450985586567708750E-80
813 1.132464155376340701355113168E-79
812 9.089079128090168404586521358E-79
811 7.192979622667448829533270476E-78
810 5.613236521163484567836703658E-77
809 4.319716062158506740406208454E-76
808 3.278354633995748065159050953E-75
807 2.453786676118712991159315761E-74
806 1.811418681380752718510460764E-73
805 1.318933274845634296601797610E-72
804 9.472601978930627656679078898E-72
803 6.710865514708378854408137660E-71
802 4.689976104673480318117143668E-70
801 3.233444480829326561993027913E-69
800 2.199289900543963231404043935E-68
799 1.475846637048974663078647846E-67
798 9.771490722965001603447754289E-67
797 6.383519806184922239481786366E-66
796 4.114888984744451134783416915E-65
795 2.617418006479001355423750566E-64
794 1.642946474772546916369781592E-63
793 1.017717450699444292837724043E-62
792 6.221604712280232325331979486E-62
791 3.753761762200128642484974276E-61
790 2.235309220351028226810289194E-60
789 1.313809647854139007626077755E-59
788 7.621989543563431004481621877E-59
787 4.364778991552945783593607166E-58
786 2.467350988895600767556222314E-57
785 1.376863700096906738075281071E-56
784 7.585054459614022967552406304E-56
783 4.125251308680843278403800168E-55
782 2.215042765054875521738745764E-54
781 1.174274655540911433950320820E-53
780 6.146513322170710790241995505E-53
779 3.176691688028475458031911696E-52
778 1.621152134474283139297738786E-51
777 8.169399754132488299924709967E-51
776 4.065268506813616951584844545E-50
775 1.997725986050032629482786730E-49
774 9.694935514999541182020782700E-49
773 4.646552256015428260334410824E-48
772 2.199419350722205428369926692E-47
771 1.028231353773229527218295235E-46
770 4.747810209942734884581776990E-46
769 2.165357154760844311237892805E-45
768 9.754684817591058708795558262E-45
767 4.340683751980155586574989993E-44
766 1.907997496551598616710431291E-43
765 8.284868438388192838385283752E-43
764 3.553815416172640636112907403E-42
763 1.505978222796801762733697478E-41
762 6.304782331671658031303062573E-41
761 2.607726015604214513520267447E-40
760 1.065631440007215327868033526E-39
759 4.302470623303483268308591366E-39
758 1.716354997960380206917597720E-38
757 6.765299250264556575491456594E-38
756 2.634934596606372519980376175E-37
755 1.014069526179689739024277024E-36
754 3.856494335018916102011282090E-36
753 1.449294453869843868257370046E-35
752 5.382342217681159145919250645E-35
751 1.975369727000491961864532426E-34
750 7.164723624092109107292746162E-34
749 2.568241715641822366075391602E-33
748 9.098485116139523763359875406E-33
747 3.185739419794779334495609046E-32
746 1.102479442469156028025579669E-31
745 3.771037579637897934300643691E-31
744 1.274947341779864374254700844E-30
743 4.260646276315839933755811124E-30
742 1.407412086361745633228055496E-29
741 4.595579237807562850817200651E-29
740 1.483347672323077022499610913E-28
739 4.733035884694615067886587793E-28
738 1.492935787365067496805765407E-27
737 4.655402125653781167420334816E-27
736 1.435152909697900077909070144E-26
735 4.373953189171997566334256865E-26
734 1.317938232113812445663794406E-25
733 3.926185917139335987122308665E-25
732 1.156408751789791565982922594E-24
731 3.367645194353209715022594623E-24
730 9.696732320469467854417349580E-24
729 2.760693512812895056849498499E-23
728 7.771667455812702426194428781E-23
727 2.163330605368314233626915212E-22
726 5.954614131054844471196571216E-22
725 1.620748772046574956797466762E-21
724 4.362328475854720447749642723E-21
723 1.161103099468510073302774296E-20
722 3.056202108462823183278674349E-20
721 7.955386278713427990171734495E-20
720 2.047940695657642257237092344E-19
719 5.213859405076655455808170914E-19
718 1.312792143678144588723342313E-18
717 3.269159882385119641038522323E-18
716 8.051720055280518995925149985E-18
715 1.961382133534951269955288586E-17
714 4.725692820496815878403285795E-17
713 1.126178228038830505526073689E-16
712 2.654579474817714070370170503E-16
711 6.189276245948787255041503772E-16
710 1.427407784994848612948137793E-15
709 3.256333014556166244686634061E-15
708 7.348362815615500241125127667E-15
707 1.640370088399713160153297799E-14
706 3.622354811383978818972631704E-14
705 7.913095985875151322552952634E-14
704 1.710080563845586670648787670E-13
703 3.656030236459637608701236952E-13
702 7.732758199884395181959214501E-13
701 1.618075921928917034555601673E-12
700 3.349743447530756301234002208E-12
699 6.860894816273724373304206504E-12
698 1.390320510555707564676028991E-11
697 2.787548659531192272968059242E-11
696 5.529829879703985497661603322E-11
695 1.085403768027766428671108279E-10
694 2.107995147696011708857050767E-10
693 4.050933775894636548635872925E-10
692 7.702939867621147740565958244E-10
691 1.449380203781273400636085775E-9
690 2.698617193564961587798496323E-9
689 4.972126118488967526812816804E-9
688 9.065540789643386839778040545E-9
687 1.635704851652499774590628195E-8
686 2.920685711488081442123575527E-8
685 5.161102542595930805455280211E-8
684 9.025830279138278832438193745E-8
683 1.562169715794047770328543865E-7
682 2.675932450044408327228426925E-7
681 4.536674448950634122139418858E-7
680 7.612467427149142053547311874E-7
679 0.000001264295666652537943400297081
678 0.000002078343982102401322881893937
677 0.000003381755515127622472489143395
676 0.000005446702358705218194304726674
675 0.000008683656797018975024001713490
674 0.00001370441236215105135797605998
673 0.00002141008713703072280554187105
672 0.00003311223648273147535799259995
671 0.00005069706576751351297365715102
670 0.00007684469792072024856749794576
669 0.0001153173685477621325080652856
668 0.0001713320749988076523300718613
667 0.0002520342980749026524545099856
666 0.0003670895679627087220294219403
665 0.0005294084091204495337314574855
664 0.0007560170718219333584134323422
663 0.001069080929860673860289938352
662 0.001497079030760794161451880939
661 0.002076116686381599900817450721
660 0.002851348061863199541421730686
659 0.003878462645600375237879604517
658 0.005225168855127056757415531849
657 0.006972585928337036610909987453
656 0.009216433262645377180122523164
655 0.01206788659925572202323255327
654 0.01565395542991817050941439476
653 0.02011722851005721324867925106
652 0.02561483718506790020117042440
651 0.03231650185763422452382840755
650 0.04040155715127124669390529143
649 0.05005489691868521884307625011
648 0.06146184057823283233545530085
647 0.07480199508569963563155351446
646 0.09024226818659308593518296940
645 0.1079292728428049839316327116
644 0.1279814429668995739385668257
643 0.1504812491185112175052041794
642 0.1754679518348953013662018498
641 0.2029313527539328497797626391
640 0.2328069942397301245909407456
639 0.2649732138512566034121059355
638 0.2992503807369995585072559032
637 0.3354025302671884668213790269
636 0.3731414776061003161613910952
635 0.4121333400359233923735966032
634 0.4520072433174049488071963191
633 0.4923658418678967562815228920
632 0.5327971584636875126537545835
631 0.5728871574044946814068385362
630 0.6122324137914015491991158350
629 0.6504522353593512732154258124
628 0.6871996326806732561351587331
627 0.7221706148910494804240070235
626 0.7551114040291651267504730089
625 0.7858233013520991588661390184
624 0.8141650915047165501872343325
623 0.8400530225510313532613853943
622 0.8634585397079251161266690362
621 0.8844040680876733287313941685
620 0.9029572274798903927888181598
619 0.9192239160061650626944546970
618 0.9333407185007232172839063975
617 0.9454670819270451837799215496
616 0.9557776587959529347393292841
615 0.9644551569683029396331833353
614 0.9716839579277062213976635313
613 0.9776446832456051797569515558
612 0.9825098075783860794891206656
611 0.9864403420123520792338338765
610 0.9895835482603360303827176360
609 0.9920715947957029039578688249
608 0.9940210315443946661584528634
607 0.9955329398806279544201235780
606 0.9966936079075310475741037395
605 0.9975755851108525656906704867
604 0.9982389828107654189494726715
603 0.9987329046831380406617060984
602 0.9990969124365268865455814619
601 0.9993624533360294339258118320
600 0.9995541969486009651670827711
599 0.9996912470364991942176935347
598 0.9997882102153627452367669089
597 0.9998561155072173162843489079
596 0.9999031882743611570608011733
595 0.9999354884740109247469294586
594 0.9999574271311156919317073267
593 0.9999721768643739156032746680
592 0.9999819927044175906708107564
591 0.9999884587654177595312642414
590 0.9999926749627561195116060996
589 0.9999953962263380891621280127
588 0.9999971347817120847477804155
587 0.9999982342287808102790079958
586 0.9999989224492668327701244343
585 0.9999993488793959530877493002
584 0.9999996104173233173074142410
583 0.9999997691942636482618119156
582 0.9999998646068198249402479404
581 0.9999999213597555807422570143
580 0.9999999547742680802183318070
579 0.9999999742478199853494323990
578 0.9999999854813865046468146697
577 0.9999999918957231132895553733
576 0.9999999955210446517029806438
575 0.9999999975491993002608559974
574 0.9999999986722887793922397046
573 0.9999999992878699978835349858
572 0.9999999996218442447830280188
571 0.9999999998011920516420799946
570 0.9999999998965228964705119295
569 0.9999999999466790071448189123
568 0.9999999999727985763771430035
567 0.9999999999862620950297444443
566 0.9999999999931312001281362725
565 0.9999999999966000805257770807
564 0.9999999999983339826694025539
563 0.9999999999991918189222332266
562 0.9999999999996118942517772695
561 0.9999999999998155005883979383
560 0.9999999999999131782040761885
559 0.9999999999999595588423960065
558 0.9999999999999813567355567247
557 0.9999999999999914964706772468
556 0.9999999999999961649034436514
555 0.9999999999999982922883860697
554 0.9999999999999992517984701101
553 0.9999999999999996801294253197
552 0.9999999999999998693784945174
551 0.9999999999999999521365505275
550 0.9999999999999999879550066469
549 1.000000000000000003298394510
548 1.000000000000000009803452895
547 1.000000000000000012533023501
546 1.000000000000000013666593333
545 1.000000000000000014132512527
544 1.000000000000000014322042898
543 1.000000000000000014398347437
542 1.000000000000000014428750875
541 1.000000000000000014440740156
540 1.000000000000000014445419220
539 1.000000000000000014447226467
538 1.000000000000000014447917289
537 1.000000000000000014448178626
536 1.000000000000000014448276467
535 1.000000000000000014448312718
534 1.000000000000000014448326010
533 1.000000000000000014448330833
532 1.000000000000000014448332565
531 1.000000000000000014448333181
530 1.000000000000000014448333397
529 1.000000000000000014448333472
528 1.000000000000000014448333498
527 1.000000000000000014448333507
526 1.000000000000000014448333510
525 1.000000000000000014448333511
524 1.000000000000000014448333511
523 1.000000000000000014448333511
522 1.000000000000000014448333511
521 1.000000000000000014448333511
520 1.000000000000000014448333511
519 1.000000000000000014448333511
518 1.000000000000000014448333511
517 1.000000000000000014448333511
516 1.000000000000000014448333511
515 1.000000000000000014448333511
514 1.000000000000000014448333511
513 1.000000000000000014448333511
512 1.000000000000000014448333511
511 1.000000000000000014448333511
510 1.000000000000000014448333511
509 1.000000000000000014448333511
508 1.000000000000000014448333511
507 1.000000000000000014448333511
506 1.000000000000000014448333511
505 1.000000000000000014448333511
504 1.000000000000000014448333511
503 1.000000000000000014448333511
502 1.000000000000000014448333511
501 1.000000000000000014448333511
500 1.000000000000000014448333511
499 1.000000000000000014448333511
498 1.000000000000000014448333511
497 1.000000000000000014448333511
496 1.000000000000000014448333511
495 1.000000000000000014448333511
494 1.000000000000000014448333511
493 1.000000000000000014448333511
492 1.000000000000000014448333511
491 1.000000000000000014448333511
490 1.000000000000000014448333511
489 1.000000000000000014448333511
488 1.000000000000000014448333511
487 1.000000000000000014448333511
486 1.000000000000000014448333511
485 1.000000000000000014448333511
484 1.000000000000000014448333511
483 1.000000000000000014448333511
482 1.000000000000000014448333511
481 1.000000000000000014448333511
480 1.000000000000000014448333511
479 1.000000000000000014448333511
478 1.000000000000000014448333511
477 1.000000000000000014448333511
476 1.000000000000000014448333511
475 1.000000000000000014448333511
474 1.000000000000000014448333511
473 1.000000000000000014448333511
472 1.000000000000000014448333511
471 1.000000000000000014448333511
470 1.000000000000000014448333511
469 1.000000000000000014448333511
468 1.000000000000000014448333511
467 1.000000000000000014448333511
466 1.000000000000000014448333511
465 1.000000000000000014448333511
464 1.000000000000000014448333511
463 1.000000000000000014448333511
462 1.000000000000000014448333511
461 1.000000000000000014448333511
460 1.000000000000000014448333511
459 1.000000000000000014448333511
458 1.000000000000000014448333511
457 1.000000000000000014448333511
456 1.000000000000000014448333511
455 1.000000000000000014448333511
454 1.000000000000000014448333511
453 1.000000000000000014448333511
452 1.000000000000000014448333511
451 1.000000000000000014448333511
450 1.000000000000000014448333511
449 1.000000000000000014448333511
448 1.000000000000000014448333511
447 1.000000000000000014448333511
446 1.000000000000000014448333511
445 1.000000000000000014448333511
444 1.000000000000000014448333511
443 1.000000000000000014448333511
442 1.000000000000000014448333511
441 1.000000000000000014448333511
440 1.000000000000000014448333511
439 1.000000000000000014448333511
438 1.000000000000000014448333511
437 1.000000000000000014448333511
436 1.000000000000000014448333511
435 1.000000000000000014448333511
434 1.000000000000000014448333511
433 1.000000000000000014448333511
432 1.000000000000000014448333511
431 1.000000000000000014448333511
430 1.000000000000000014448333511
429 1.000000000000000014448333511
428 1.000000000000000014448333511
427 1.000000000000000014448333511
426 1.000000000000000014448333511
425 1.000000000000000014448333511
424 1.000000000000000014448333511
423 1.000000000000000014448333511
422 1.000000000000000014448333511
421 1.000000000000000014448333511
420 1.000000000000000014448333511
419 1.000000000000000014448333511
418 1.000000000000000014448333511
417 1.000000000000000014448333511
416 1.000000000000000014448333511
415 1.000000000000000014448333511
414 1.000000000000000014448333511
413 1.000000000000000014448333511
412 1.000000000000000014448333511
411 1.000000000000000014448333511
410 1.000000000000000014448333511
409 1.000000000000000014448333511
408 1.000000000000000014448333511
407 1.000000000000000014448333511
406 1.000000000000000014448333511
405 1.000000000000000014448333511
404 1.000000000000000014448333511
403 1.000000000000000014448333511
402 1.000000000000000014448333511
401 1.000000000000000014448333511
400 1.000000000000000014448333511
399 1.000000000000000014448333511
398 1.000000000000000014448333511
397 1.000000000000000014448333511
396 1.000000000000000014448333511
395 1.000000000000000014448333511
394 1.000000000000000014448333511
393 1.000000000000000014448333511
392 1.000000000000000014448333511
391 1.000000000000000014448333511
390 1.000000000000000014448333511
389 1.000000000000000014448333511
388 1.000000000000000014448333511
387 1.000000000000000014448333511
386 1.000000000000000014448333511
385 1.000000000000000014448333511
384 1.000000000000000014448333511
383 1.000000000000000014448333511
382 1.000000000000000014448333511
381 1.000000000000000014448333511
380 1.000000000000000014448333511
379 1.000000000000000014448333511
378 1.000000000000000014448333511
377 1.000000000000000014448333511
376 1.000000000000000014448333511
375 1.000000000000000014448333511
374 1.000000000000000014448333511
373 1.000000000000000014448333511
372 1.000000000000000014448333511
371 1.000000000000000014448333511
370 1.000000000000000014448333511
369 1.000000000000000014448333511
368 1.000000000000000014448333511
367 1.000000000000000014448333511
366 1.000000000000000014448333511
365 1.000000000000000014448333511
364 1.000000000000000014448333511
363 1.000000000000000014448333511
362 1.000000000000000014448333511
361 1.000000000000000014448333511
360 1.000000000000000014448333511
359 1.000000000000000014448333511
358 1.000000000000000014448333511
357 1.000000000000000014448333511
356 1.000000000000000014448333511
355 1.000000000000000014448333511
354 1.000000000000000014448333511
353 1.000000000000000014448333511
352 1.000000000000000014448333511
351 1.000000000000000014448333511
350 1.000000000000000014448333511
349 1.000000000000000014448333511
348 1.000000000000000014448333511
347 1.000000000000000014448333511
346 1.000000000000000014448333511
345 1.000000000000000014448333511
344 1.000000000000000014448333511
343 1.000000000000000014448333511
342 1.000000000000000014448333511
341 1.000000000000000014448333511
340 1.000000000000000014448333511
339 1.000000000000000014448333511
338 1.000000000000000014448333511
337 1.000000000000000014448333511
336 1.000000000000000014448333511
335 1.000000000000000014448333511
334 1.000000000000000014448333511
333 1.000000000000000014448333511
332 1.000000000000000014448333511
331 1.000000000000000014448333511
330 1.000000000000000014448333511
329 1.000000000000000014448333511
328 1.000000000000000014448333511
327 1.000000000000000014448333511
326 1.000000000000000014448333511
325 1.000000000000000014448333511
324 1.000000000000000014448333511
323 1.000000000000000014448333511
322 1.000000000000000014448333511
321 1.000000000000000014448333511
320 1.000000000000000014448333511
319 1.000000000000000014448333511
318 1.000000000000000014448333511
317 1.000000000000000014448333511
316 1.000000000000000014448333511
315 1.000000000000000014448333511
314 1.000000000000000014448333511
313 1.000000000000000014448333511
312 1.000000000000000014448333511
311 1.000000000000000014448333511
310 1.000000000000000014448333511
309 1.000000000000000014448333511
308 1.000000000000000014448333511
307 1.000000000000000014448333511
306 1.000000000000000014448333511
305 1.000000000000000014448333511
304 1.000000000000000014448333511
303 1.000000000000000014448333511
302 1.000000000000000014448333511
301 1.000000000000000014448333511
300 1.000000000000000014448333511
299 1.000000000000000014448333511
298 1.000000000000000014448333511
297 1.000000000000000014448333511
296 1.000000000000000014448333511
295 1.000000000000000014448333511
294 1.000000000000000014448333511
293 1.000000000000000014448333511
292 1.000000000000000014448333511
291 1.000000000000000014448333511
290 1.000000000000000014448333511
289 1.000000000000000014448333511
288 1.000000000000000014448333511
287 1.000000000000000014448333511
286 1.000000000000000014448333511
285 1.000000000000000014448333511
284 1.000000000000000014448333511
283 1.000000000000000014448333511
282 1.000000000000000014448333511
281 1.000000000000000014448333511
280 1.000000000000000014448333511
279 1.000000000000000014448333511
278 1.000000000000000014448333511
277 1.000000000000000014448333511
276 1.000000000000000014448333511
275 1.000000000000000014448333511
274 1.000000000000000014448333511
273 1.000000000000000014448333511
272 1.000000000000000014448333511
271 1.000000000000000014448333511
270 1.000000000000000014448333511
269 1.000000000000000014448333511
268 1.000000000000000014448333511
267 1.000000000000000014448333511
266 1.000000000000000014448333511
265 1.000000000000000014448333511
264 1.000000000000000014448333511
263 1.000000000000000014448333511
262 1.000000000000000014448333511
261 1.000000000000000014448333511
260 1.000000000000000014448333511
259 1.000000000000000014448333511
258 1.000000000000000014448333511
257 1.000000000000000014448333511
256 1.000000000000000014448333511
255 1.000000000000000014448333511
254 1.000000000000000014448333511
253 1.000000000000000014448333511
252 1.000000000000000014448333511
251 1.000000000000000014448333511
250 1.000000000000000014448333511
249 1.000000000000000014448333511
248 1.000000000000000014448333511
247 1.000000000000000014448333511
246 1.000000000000000014448333511
245 1.000000000000000014448333511
244 1.000000000000000014448333511
243 1.000000000000000014448333511
242 1.000000000000000014448333511
241 1.000000000000000014448333511
240 1.000000000000000014448333511
239 1.000000000000000014448333511
238 1.000000000000000014448333511
237 1.000000000000000014448333511
236 1.000000000000000014448333511
235 1.000000000000000014448333511
234 1.000000000000000014448333511
233 1.000000000000000014448333511
232 1.000000000000000014448333511
231 1.000000000000000014448333511
230 1.000000000000000014448333511
229 1.000000000000000014448333511
228 1.000000000000000014448333511
227 1.000000000000000014448333511
226 1.000000000000000014448333511
225 1.000000000000000014448333511
224 1.000000000000000014448333511
223 1.000000000000000014448333511
222 1.000000000000000014448333511
221 1.000000000000000014448333511
220 1.000000000000000014448333511
219 1.000000000000000014448333511
218 1.000000000000000014448333511
217 1.000000000000000014448333511
216 1.000000000000000014448333511
215 1.000000000000000014448333511
214 1.000000000000000014448333511
213 1.000000000000000014448333511
212 1.000000000000000014448333511
211 1.000000000000000014448333511
210 1.000000000000000014448333511
209 1.000000000000000014448333511
208 1.000000000000000014448333511
207 1.000000000000000014448333511
206 1.000000000000000014448333511
205 1.000000000000000014448333511
204 1.000000000000000014448333511
203 1.000000000000000014448333511
202 1.000000000000000014448333511
201 1.000000000000000014448333511
200 1.000000000000000014448333511
199 1.000000000000000014448333511
198 1.000000000000000014448333511
197 1.000000000000000014448333511
196 1.000000000000000014448333511
195 1.000000000000000014448333511
194 1.000000000000000014448333511
193 1.000000000000000014448333511
192 1.000000000000000014448333511
